The confusion matrix for run 0 is: 
[[0.         0.         0.25       0.25       0.         0.25
  0.25       0.         0.         0.        ]
 [0.         0.         0.         0.         1.         0.
  0.         0.         0.         0.        ]
 [0.25       0.         0.         0.         0.5        0.
  0.         0.         0.25       0.        ]
 [0.2        0.         0.         0.         0.         0.8
  0.         0.         0.         0.        ]
 [0.         0.         0.         0.         0.         0.5
  0.         0.         0.         0.5       ]
 [0.33333333 0.         0.33333333 0.         0.         0.
  0.33333333 0.         0.         0.        ]
 [0.25       0.         0.         0.         0.25       0.25
  0.         0.         0.25       0.        ]
 [0.         0.         0.         0.         0.125      0.
  0.         0.         0.         0.875     ]
 [0.28571429 0.         0.14285714 0.         0.         0.57142857
  0.         0.         0.         0.        ]
 [0.         0.         0.         0.         0.66666667 0.
  0.         0.         0.33333333 0.        ]]
c:\Users\haoch\OneDrive\Documents\UCL\COMPSI-Yr4\COMP0078\Coursework\CW2\Supervised_Learning_CW2_group_repo\confusion.py:16: RuntimeWarning: invalid value encountered in divide
  return np.nan_to_num(confusion_matrix / confusion_matrix.sum(axis=1)[:,np.newaxis])
The confusion matrix for run 1 is: 
[[0.    0.    0.5   0.    0.    0.    0.    0.    0.5   0.   ]
 [0.    0.    0.    0.    0.    0.    0.    0.    0.    0.   ]
 [0.25  0.    0.    0.25  0.    0.    0.    0.25  0.25  0.   ]
 [0.25  0.    0.25  0.    0.    0.25  0.    0.25  0.    0.   ]
 [0.125 0.    0.    0.    0.    0.    0.    0.5   0.125 0.25 ]
 [0.4   0.    0.2   0.2   0.2   0.    0.    0.    0.    0.   ]
 [0.25  0.75  0.    0.    0.    0.    0.    0.    0.    0.   ]
 [0.    0.    0.    0.    1.    0.    0.    0.    0.    0.   ]
 [0.25  0.    0.    0.25  0.    0.25  0.    0.25  0.    0.   ]
 [0.125 0.25  0.    0.    0.125 0.    0.    0.5   0.    0.   ]]
The confusion matrix for run 2 is: 
[[0.         0.         0.         0.         0.5        0.
  0.5        0.         0.         0.        ]
 [0.         0.         0.         0.         0.         0.
  0.         0.         0.         0.        ]
 [0.         0.16666667 0.         0.         0.         0.16666667
  0.         0.5        0.         0.16666667]
 [0.         0.         0.         0.         0.         0.75
  0.         0.         0.25       0.        ]
 [0.         0.2        0.4        0.         0.         0.
  0.         0.         0.         0.4       ]
 [0.5        0.         0.5        0.         0.         0.
  0.         0.         0.         0.        ]
 [0.         0.         0.33333333 0.         0.33333333 0.
  0.         0.         0.33333333 0.        ]
 [0.         0.         0.         0.         0.         0.
  0.         0.         0.         0.        ]
 [0.         0.         0.18181818 0.63636364 0.         0.09090909
  0.         0.09090909 0.         0.        ]
 [0.         0.         0.33333333 0.         0.33333333 0.
  0.         0.33333333 0.         0.        ]]
The confusion matrix for run 3 is: 
[[0.         0.         0.         0.         0.         0.2
  0.1        0.         0.7        0.        ]
 [0.         0.         0.         0.         0.         0.
  0.         0.         1.         0.        ]
 [0.         0.         0.         0.         0.5        0.
  0.         0.5        0.         0.        ]
 [0.25       0.         0.5        0.         0.         0.25
  0.         0.         0.         0.        ]
 [0.         0.         0.         0.         0.         0.
  0.         0.         0.         0.        ]
 [0.125      0.         0.         0.125      0.375      0.
  0.25       0.         0.         0.125     ]
 [0.         0.33333333 0.         0.         0.33333333 0.
  0.         0.         0.33333333 0.        ]
 [0.         0.         0.         0.         0.1        0.
  0.1        0.         0.1        0.7       ]
 [0.         0.         0.         0.         1.         0.
  0.         0.         0.         0.        ]
 [0.         0.         0.         0.         0.66666667 0.
  0.         0.         0.33333333 0.        ]]
The confusion matrix for run 4 is: 
[[0.         0.         0.         0.25       0.25       0.
  0.         0.         0.5        0.        ]
 [0.         0.         0.         0.         0.         0.
  0.         0.         1.         0.        ]
 [0.2        0.1        0.         0.1        0.6        0.
  0.         0.         0.         0.        ]
 [0.         0.         0.         0.         0.25       0.25
  0.         0.         0.5        0.        ]
 [0.         0.         0.         0.         0.         0.
  0.         0.         0.         0.        ]
 [0.16666667 0.         0.         0.16666667 0.5        0.
  0.         0.         0.16666667 0.        ]
 [0.5        0.         0.         0.         0.         0.5
  0.         0.         0.         0.        ]
 [0.         0.         0.         0.         0.5        0.5
  0.         0.         0.         0.        ]
 [0.         0.125      0.         0.125      0.5        0.125
  0.125      0.         0.         0.        ]
 [0.         0.         0.         0.05263158 0.84210526 0.05263158
  0.         0.05263158 0.         0.        ]]
The confusion matrix for run 5 is: 
[[0.         0.         0.         0.         0.         0.
  0.         0.         0.         0.        ]
 [0.         0.         0.         0.         0.         0.
  0.         0.         0.         0.        ]
 [0.         0.         0.         0.25       0.25       0.
  0.25       0.25       0.         0.        ]
 [0.         0.         0.         0.         0.         0.
  0.         0.         0.         0.        ]
 [0.         0.55555556 0.         0.         0.         0.
  0.         0.         0.22222222 0.22222222]
 [0.375      0.         0.125      0.375      0.         0.
  0.         0.         0.125      0.        ]
 [0.         0.5        0.5        0.         0.         0.
  0.         0.         0.         0.        ]
 [0.         0.         0.5        0.         0.5        0.
  0.         0.         0.         0.        ]
 [0.33333333 0.16666667 0.16666667 0.33333333 0.         0.
  0.         0.         0.         0.        ]
 [0.5        0.         0.         0.         0.5        0.
  0.         0.         0.         0.        ]]
The confusion matrix for run 6 is: 
[[0.         0.         0.         0.         0.         0.
  0.         0.         0.         0.        ]
 [0.         0.         0.         0.         0.5        0.
  0.         0.         0.5        0.        ]
 [0.         0.         0.         0.         0.         0.
  1.         0.         0.         0.        ]
 [0.         0.         0.07142857 0.         0.         0.78571429
  0.         0.14285714 0.         0.        ]
 [0.         0.33333333 0.33333333 0.         0.         0.
  0.33333333 0.         0.         0.        ]
 [0.33333333 0.33333333 0.         0.33333333 0.         0.
  0.         0.         0.         0.        ]
 [0.         0.         1.         0.         0.         0.
  0.         0.         0.         0.        ]
 [0.         0.         0.         0.         0.         0.
  0.         0.         0.         1.        ]
 [0.         0.         0.16666667 0.16666667 0.         0.5
  0.         0.         0.         0.16666667]
 [0.         0.         0.         0.         0.4        0.
  0.         0.6        0.         0.        ]]
The confusion matrix for run 7 is: 
[[0.         0.         0.         0.         0.         0.
  0.         0.         0.         0.        ]
 [0.         0.         0.         0.         0.         0.
  0.         0.         0.         0.        ]
 [0.         0.         0.         0.         0.         0.33333333
  0.33333333 0.         0.         0.33333333]
 [0.14285714 0.         0.42857143 0.         0.         0.42857143
  0.         0.         0.         0.        ]
 [0.         0.25       0.         0.         0.         0.
  0.5        0.         0.25       0.        ]
 [0.         0.         0.         0.         0.         0.
  0.         0.         0.         1.        ]
 [0.         0.         0.33333333 0.         0.33333333 0.
  0.         0.         0.33333333 0.        ]
 [0.         0.33333333 0.33333333 0.         0.         0.
  0.         0.         0.         0.33333333]
 [0.         0.5        0.25       0.         0.         0.
  0.25       0.         0.         0.        ]
 [0.         0.42857143 0.         0.         0.         0.14285714
  0.14285714 0.28571429 0.         0.        ]]
The confusion matrix for run 8 is: 
[[0.         0.         0.         0.5        0.5        0.
  0.         0.         0.         0.        ]
 [0.         0.         0.         0.         0.         0.
  1.         0.         0.         0.        ]
 [0.         0.25       0.         0.25       0.         0.
  0.125      0.125      0.25       0.        ]
 [0.         0.         0.         0.         0.         0.33333333
  0.         0.33333333 0.33333333 0.        ]
 [0.16666667 0.5        0.         0.         0.         0.
  0.16666667 0.         0.16666667 0.        ]
 [0.28571429 0.         0.         0.57142857 0.         0.
  0.14285714 0.         0.         0.        ]
 [0.33333333 0.33333333 0.         0.         0.         0.
  0.         0.         0.33333333 0.        ]
 [0.         0.         0.         0.         0.         0.
  0.         0.         0.         0.        ]
 [0.         0.         0.25       0.25       0.         0.
  0.25       0.25       0.         0.        ]
 [0.         0.25       0.         0.         0.25       0.25
  0.         0.25       0.         0.        ]]
The confusion matrix for run 9 is: 
[[0.         0.         0.16666667 0.         0.16666667 0.66666667
  0.         0.         0.         0.        ]
 [0.         0.         0.         0.         0.         0.
  0.         0.         0.         0.        ]
 [0.09090909 0.         0.         0.36363636 0.         0.27272727
  0.         0.         0.27272727 0.        ]
 [0.         0.         0.         0.         0.         0.6
  0.         0.         0.2        0.2       ]
 [0.         0.         0.         0.         0.         0.2
  0.         0.         0.4        0.4       ]
 [0.         0.         0.         0.         0.         0.
  0.         0.         0.         0.        ]
 [0.         0.         0.         0.         0.33333333 0.66666667
  0.         0.         0.         0.        ]
 [0.         0.         0.         0.         0.125      0.125
  0.         0.         0.         0.75      ]
 [0.         0.         0.75       0.         0.         0.25
  0.         0.         0.         0.        ]
 [0.         0.         0.         0.         0.         0.
  0.         0.         1.         0.        ]]
The confusion matrix for run 10 is: 
[[0.         0.         0.         0.5        0.         0.5
  0.         0.         0.         0.        ]
 [0.         0.         0.         0.         0.         0.
  0.         0.         0.         0.        ]
 [0.         0.         0.         0.         0.         0.
  0.         1.         0.         0.        ]
 [0.         0.         0.25       0.         0.         0.5
  0.         0.25       0.         0.        ]
 [0.         0.         0.         0.         0.         0.
  0.         0.85714286 0.         0.14285714]
 [0.         0.         0.         0.57142857 0.         0.
  0.28571429 0.         0.14285714 0.        ]
 [0.         0.         0.25       0.         0.         0.5
  0.         0.25       0.         0.        ]
 [0.         0.         1.         0.         0.         0.
  0.         0.         0.         0.        ]
 [0.16666667 0.         0.66666667 0.16666667 0.         0.
  0.         0.         0.         0.        ]
 [0.         0.16666667 0.         0.         0.16666667 0.
  0.         0.66666667 0.         0.        ]]
The confusion matrix for run 11 is: 
[[0.         0.         0.         0.8        0.2        0.
  0.         0.         0.         0.        ]
 [0.         0.         0.         0.         0.         0.
  0.         0.         0.         0.        ]
 [0.         0.14285714 0.         0.42857143 0.14285714 0.
  0.14285714 0.         0.14285714 0.        ]
 [0.         0.         0.         0.         0.         0.5
  0.         0.         0.5        0.        ]
 [0.         0.33333333 0.33333333 0.         0.         0.
  0.         0.         0.33333333 0.        ]
 [0.         0.         0.         1.         0.         0.
  0.         0.         0.         0.        ]
 [0.         0.         0.         0.         0.         0.
  0.         0.         0.         0.        ]
 [0.         0.         0.         1.         0.         0.
  0.         0.         0.         0.        ]
 [0.         0.         0.         0.72727273 0.09090909 0.
  0.09090909 0.         0.         0.09090909]
 [0.         0.         0.         0.25       0.625      0.125
  0.         0.         0.         0.        ]]
The confusion matrix for run 12 is: 
[[0.         0.         0.         0.         0.         0.
  0.         0.         0.         0.        ]
 [0.         0.         0.         0.         0.         0.
  0.         0.         0.         0.        ]
 [0.33333333 0.         0.         0.         0.33333333 0.
  0.         0.33333333 0.         0.        ]
 [0.         0.         0.44444444 0.         0.11111111 0.33333333
  0.         0.         0.11111111 0.        ]
 [0.         0.2        0.         0.         0.         0.
  0.         0.         0.6        0.2       ]
 [0.25       0.25       0.         0.25       0.         0.
  0.25       0.         0.         0.        ]
 [0.         0.33333333 0.66666667 0.         0.         0.
  0.         0.         0.         0.        ]
 [0.         0.         0.5        0.5        0.         0.
  0.         0.         0.         0.        ]
 [0.         0.         0.25       0.         0.         0.25
  0.5        0.         0.         0.        ]
 [0.         0.         0.         0.         0.         0.33333333
  0.         0.66666667 0.         0.        ]]
The confusion matrix for run 13 is: 
[[0.         0.         0.         0.         0.5        0.
  0.         0.         0.5        0.        ]
 [0.         0.         0.         0.         0.         0.
  0.         0.         0.         0.        ]
 [0.         0.         0.         0.5        0.         0.
  0.         0.25       0.25       0.        ]
 [0.         0.         0.         0.         0.         0.
  0.         0.         0.66666667 0.33333333]
 [0.         0.11111111 0.44444444 0.         0.         0.
  0.11111111 0.         0.22222222 0.11111111]
 [0.         0.         0.5        0.         0.         0.
  0.         0.         0.5        0.        ]
 [0.         0.         0.         0.         0.5        0.5
  0.         0.         0.         0.        ]
 [0.         0.         0.         0.         0.         0.
  0.         0.         1.         0.        ]
 [0.         0.         0.         0.5        0.         0.5
  0.         0.         0.         0.        ]
 [0.         0.         0.         0.         0.         0.
  0.         1.         0.         0.        ]]
The confusion matrix for run 14 is: 
[[0.         0.         0.5        0.5        0.         0.
  0.         0.         0.         0.        ]
 [0.         0.         1.         0.         0.         0.
  0.         0.         0.         0.        ]
 [0.         0.         0.         0.         0.33333333 0.
  0.33333333 0.33333333 0.         0.        ]
 [0.         0.         0.         0.         0.         1.
  0.         0.         0.         0.        ]
 [0.         0.         0.25       0.         0.         0.
  0.25       0.25       0.25       0.        ]
 [0.75       0.         0.         0.         0.         0.
  0.         0.         0.25       0.        ]
 [0.5        0.125      0.         0.         0.125      0.125
  0.         0.         0.125      0.        ]
 [0.         0.         0.         0.         0.         0.
  0.         0.         1.         0.        ]
 [0.25       0.         0.         0.25       0.25       0.
  0.         0.25       0.         0.        ]
 [0.2        0.         0.         0.         0.5        0.1
  0.         0.2        0.         0.        ]]
The confusion matrix for run 15 is: 
[[0.         0.         0.         0.         0.         0.
  1.         0.         0.         0.        ]
 [0.         0.         0.         0.         0.         0.
  0.         0.         0.         0.        ]
 [0.2        0.2        0.         0.4        0.         0.
  0.2        0.         0.         0.        ]
 [0.         0.         0.         0.         0.         1.
  0.         0.         0.         0.        ]
 [0.         0.         0.         0.         0.         0.
  0.         0.33333333 0.         0.66666667]
 [0.375      0.         0.125      0.125      0.25       0.
  0.125      0.         0.         0.        ]
 [1.         0.         0.         0.         0.         0.
  0.         0.         0.         0.        ]
 [0.         0.         0.         0.         0.         0.
  0.         0.         0.         0.        ]
 [0.14285714 0.         0.42857143 0.         0.14285714 0.
  0.28571429 0.         0.         0.        ]
 [0.         0.         0.         0.         0.5        0.
  0.         0.5        0.         0.        ]]
The confusion matrix for run 16 is: 
[[0.         0.         0.         0.33333333 0.16666667 0.
  0.5        0.         0.         0.        ]
 [0.         0.         0.         0.         0.         0.
  0.         0.         0.5        0.5       ]
 [0.1        0.         0.         0.4        0.1        0.
  0.3        0.         0.1        0.        ]
 [0.         0.         0.         0.         0.         1.
  0.         0.         0.         0.        ]
 [0.         0.         0.         0.         0.         0.
  0.16666667 0.16666667 0.5        0.16666667]
 [0.5        0.         0.         0.25       0.         0.
  0.25       0.         0.         0.        ]
 [0.33333333 0.         0.         0.         0.         0.
  0.         0.         0.66666667 0.        ]
 [0.         0.         0.         0.         0.         0.
  0.         0.         0.         0.        ]
 [0.         0.         0.25       0.         0.5        0.
  0.25       0.         0.         0.        ]
 [0.         0.         0.         0.5        0.         0.
  0.         0.5        0.         0.        ]]
The confusion matrix for run 17 is: 
[[0.         0.         0.         0.5        0.         0.
  0.5        0.         0.         0.        ]
 [0.         0.         0.         0.         0.33333333 0.33333333
  0.         0.         0.         0.33333333]
 [0.         0.         0.         0.         0.16666667 0.
  0.66666667 0.         0.         0.16666667]
 [0.         0.         0.33333333 0.         0.         0.66666667
  0.         0.         0.         0.        ]
 [0.         0.         0.         0.         0.         0.
  0.         0.         0.         0.        ]
 [0.25       0.         0.         0.75       0.         0.
  0.         0.         0.         0.        ]
 [0.         0.         0.         0.         0.         1.
  0.         0.         0.         0.        ]
 [0.         0.         0.         0.         0.         1.
  0.         0.         0.         0.        ]
 [0.         0.2        0.2        0.2        0.2        0.2
  0.         0.         0.         0.        ]
 [0.         0.         0.         0.         0.33333333 0.
  0.         0.66666667 0.         0.        ]]
The confusion matrix for run 18 is: 
[[0.   0.   0.5  0.   0.   0.   0.5  0.   0.   0.  ]
 [0.   0.   0.   0.   0.   0.   0.   0.   0.   0.  ]
 [0.   0.   0.   0.2  0.2  0.   0.   0.6  0.   0.  ]
 [0.   0.   0.   0.   0.   1.   0.   0.   0.   0.  ]
 [0.2  0.2  0.4  0.   0.   0.   0.   0.2  0.   0.  ]
 [0.   0.   0.   0.   0.   0.   0.   0.   0.   0.  ]
 [0.   0.   0.25 0.   0.25 0.5  0.   0.   0.   0.  ]
 [0.   1.   0.   0.   0.   0.   0.   0.   0.   0.  ]
 [0.   0.   0.   0.2  0.   0.6  0.   0.2  0.   0.  ]
 [0.   0.25 0.   0.   0.   0.25 0.   0.5  0.   0.  ]]
The confusion matrix for run 19 is: 
[[0.         0.         0.         1.         0.         0.
  0.         0.         0.         0.        ]
 [0.         0.         0.         0.         0.66666667 0.
  0.         0.         0.         0.33333333]
 [0.09090909 0.         0.         0.         0.27272727 0.
  0.18181818 0.27272727 0.         0.18181818]
 [0.         0.         0.         0.         0.         0.66666667
  0.         0.         0.33333333 0.        ]
 [0.         0.         0.         0.         0.         0.
  0.         0.         0.         1.        ]
 [0.         0.         0.         0.5        0.5        0.
  0.         0.         0.         0.        ]
 [0.125      0.         0.         0.         0.625      0.25
  0.         0.         0.         0.        ]
 [0.         0.         0.         0.         0.         0.
  0.         0.         0.33333333 0.66666667]
 [0.16666667 0.         0.         0.16666667 0.16666667 0.16666667
  0.         0.16666667 0.         0.16666667]
 [0.         0.         0.5        0.5        0.         0.
  0.         0.         0.         0.        ]]